tree
version=v4
num_class=1
num_tree_per_iteration=1
label_index=0
max_feature_idx=19
objective=binary sigmoid:1
feature_names=odds_win odds_place burden_weight jockey_elite trainer_elite jockey_50x_top3_rate trainer_50x_top3_rate jockey_50x_races trainer_50x_races jockey_top3_rate jockey_win_rate trainer_top3_rate trainer_win_rate horse_top3_rate horse_win_rate horse_age gate_no track_encoded horse_sex_encoded is_high_odds
feature_infos=[0:5466.3999999999996] [0:231] [50:60] [0:1] [0:1] [0:0.33333333333333331] [0:0.33333333333333331] [0:262] [0:241] [0:1] [0:1] [0:1] [0:1] [0:1] [0:1] [2:10] [1:16] none [0:2] [0:1]
tree_sizes=6680 6990

Tree=0
num_leaves=64
num_cat=0
split_feature=13 1 13 1 13 13 0 0 13 0 8 13 13 0 1 13 1 0 0 13 8 13 0 1 1 9 0 1 13 1 7 14 13 8 6 7 1 0 13 0 13 13 16 15 1 9 12 1 6 0 13 0 9 18 13 0 0 1 1 0 16 0 13
split_gain=5562.58 1559.85 1060.1 585.418 568.742 392.198 213.945 189.223 157.412 152.548 131.792 124.798 100.261 94.9388 107.905 82.7819 77.2868 57.0898 46.0235 43.2529 40.6087 38.9994 38.1855 38.181 38.1318 36.2485 35.34 33.0113 32.6305 32.4248 29.9629 28.5724 25.9357 23.4165 22.6471 20.4573 19.4158 19.3365 18.276 16.4457 16.1883 16.1153 16.0747 13.3898 12.7893 13.1249 12.4639 13.5825 11.9181 12.8516 11.6627 11.1941 11.0113 10.7206 10.6261 10.2659 9.99616 9.84699 9.81339 9.24645 9.02636 8.6652 8.48873
threshold=0.27890000000000009 2.1250000000000004 0.088950000000000015 2.5250000000000004 0.51470000000000005 0.63070000000000015 1.7500000000000002 2.0500000000000003 0.40370000000000006 2.5500000000000003 7.0000000000000009 0.18635000000000004 0.81665000000000021 4.2500000000000009 4.9250000000000016 0.84520000000000006 6.1250000000000009 13.65 1.3500000000000003 0.17030000000000003 1.5000000000000002 1.0000000180025095e-35 1.5500000000000003 1.8250000000000004 7.8250000000000002 0.2587000000000001 1.3500000000000003 1.9750000000000003 0.35500000000000004 1.425 5.5000000000000009 1.0000000180025095e-35 0.65155000000000007 1.5000000000000002 0.21172672359925018 5.5000000000000009 1.4750000000000003 2.7500000000000004 0.34055000000000007 4.6500000000000012 0.55905000000000016 0.43305000000000005 9.5000000000000018 5.5000000000000009 4.3250000000000002 0.24710000000000001 0.022900000000000004 2.0250000000000004 0.037341689515602565 4.7500000000000009 0.10620000000000002 3.9500000000000006 0.28105000000000008 1.0000000180025095e-35 0.11650000000000001 8.8500000000000032 5.1500000000000012 1.0750000000000004 1.425 1.6500000000000001 2.5000000000000004 8.9500000000000011 0.17030000000000003
decision_type=2 2 2 2 2 2 2 2 2 2 2 2 2 2 2 2 2 2 2 2 2 2 2 2 2 2 2 2 2 2 2 2 2 2 2 2 2 2 2 2 2 2 2 2 2 2 2 2 2 2 2 2 2 2 2 2 2 2 2 2 2 2 2
left_child=2 4 21 6 7 8 26 18 13 31 58 33 29 59 34 39 19 22 -2 -11 37 -1 -10 42 43 41 54 -23 48 -6 51 -5 46 57 38 56 -30 -13 -15 -7 -32 53 -22 60 -41 -46 -31 -48 -12 -50 -28 -24 -26 -20 -4 -18 -21 62 -9 -3 -19 -16 -8
right_child=1 5 3 9 12 15 11 10 17 16 28 20 -14 14 61 -17 55 24 25 35 23 27 30 -25 52 -27 50 -29 36 32 40 -33 -34 -35 -36 -37 -38 -39 -40 44 -42 -43 -44 -45 45 -47 47 -49 49 -51 -52 -53 -54 -55 -56 -57 -58 -59 -60 -61 -62 -63 -64
leaf_value=-1.2585295887806218 -1.2166013955081556 -1.2148505198531443 -1.2385491976614205 -1.2346114036594447 -1.2131658104730099 -1.2068751872963066 -1.2474194301181079 -1.236662893779009 -1.2084809608427491 -1.2528905068909688 -1.2215425520486858 -1.2404449282342922 -1.2017955206755548 -1.2436941539788997 -1.236044224563229 -1.2026551615569989 -1.2461560077797047 -1.2305002009004202 -1.2289040287335569 -1.2399779869913756 -1.2325229371139708 -1.24781999092065 -1.2279096732346946 -1.242287778935909 -1.2499279106027119 -1.2133107608664548 -1.2466406585147405 -1.2562696123398516 -1.2215701308629932 -1.2369869787102563 -1.2329758902275236 -1.2104450086288512 -1.215769649660263 -1.2453451409918255 -1.2477944441420841 -1.2466878670751276 -1.2283431967792435 -1.2464073873472805 -1.2384124845273086 -1.2240968082971544 -1.2225549617841611 -1.2211678082500268 -1.2434095489409658 -1.2502941306416402 -1.239667773576925 -1.221814853211624 -1.2216893586073283 -1.2424283577121344 -1.2300046224399988 -1.2364165656513777 -1.2345788570922338 -1.2415743342998224 -1.2358059886111752 -1.2108372491224266 -1.2245590133315223 -1.2552147590918485 -1.2517097350447957 -1.2509941214114848 -1.2410843024558953 -1.2299550990768684 -1.2386902332193128 -1.2516511399531935 -1.2339746493364574
leaf_weight=1600.5670243501663 90.057923421263695 7.4614464491605785 6.4203143864870063 13.70823882520199 152.00528115034103 4.164528250694274 40.60415044426918 99.601633995771408 5.8997483551502219 377.93093875050545 9.3701885640621168 102.20446415245533 61.947357729077339 189.31251339614391 3.4704402089118949 20.128553211688995 13.014150783419607 15.964024960994719 138.29704232513905 7.461446449160575 109.49238859117031 59.865093603730202 6.7673584073781958 95.957671776413918 50.147861018776894 22.904905378818512 8.5025785118341428 208.74697856605053 64.029621854424477 9.196666553616522 77.390816658735275 7.8084904700517646 52.056603133678436 178.90119276940823 82.075910940766335 287.17892728745937 140.03226242959499 115.56565895676613 100.81628806889057 35.919056162238121 19.087421149015427 41.124716475605965 15.790502950549124 8.6761005222797376 14.228804856538774 5.8997483551502219 33.836792036890984 3.6439622193574897 60.90622566640377 68.194150105118752 104.28672827780247 52.403647154569626 6.0732703655958167 3.4704402089118949 54.659433290362358 627.80263379216194 152.69936919212341 207.18528047204018 104.80729430913925 10.758364647626875 97.692891880869865 269.13263820111752 5.2056603133678427
leaf_count=9224 519 43 37 79 876 24 234 574 34 2178 54 589 357 1091 20 116 75 92 797 43 631 345 39 553 289 132 49 1203 369 53 446 45 300 1031 473 1655 807 666 581 207 110 237 91 50 82 34 195 21 351 393 601 302 35 20 315 3618 880 1194 604 62 563 1551 30
internal_value=-1.2457 -1.23286 -1.25222 -1.24801 -1.22478 -1.24149 -1.24227 -1.22906 -1.24319 -1.25204 -1.23255 -1.24429 -1.21326 -1.24603 -1.24667 -1.22024 -1.25243 -1.23766 -1.22261 -1.2504 -1.24054 -1.25794 -1.23335 -1.23752 -1.24157 -1.22526 -1.23215 -1.25439 -1.22876 -1.21611 -1.23432 -1.22567 -1.22069 -1.24811 -1.24317 -1.24829 -1.2262 -1.24361 -1.24185 -1.22619 -1.23088 -1.22678 -1.23388 -1.23844 -1.22771 -1.23429 -1.22624 -1.22367 -1.23255 -1.23337 -1.2355 -1.23997 -1.24837 -1.22843 -1.226 -1.25503 -1.25115 -1.25007 -1.23892 -1.22358 -1.23752 -1.25145 -1.24585
internal_weight=6640.51 2238.95 4401.56 2532.38 1155.48 1083.47 1044.78 842.796 1003.13 1487.6 546.941 870.907 312.687 663.028 644.808 80.3407 1466.09 340.103 295.855 825.271 439.011 1869.18 161.549 221.241 178.554 205.797 173.869 268.612 342.532 250.739 155.649 21.5167 98.734 431.896 372.205 447.34 204.062 217.77 290.129 60.2121 96.4782 182.892 125.283 122.333 56.0476 20.1286 46.6774 37.4808 138.471 129.1 112.789 59.171 56.2211 141.767 61.0797 640.817 160.161 252.995 204.409 18.2198 113.657 272.603 45.8098
internal_count=38269 12903 25366 14594 6659 6244 6021 4857 5781 8573 3152 5019 1802 3821 3716 463 8449 1960 1705 4756 2530 10772 931 1275 1029 1186 1002 1548 1974 1445 897 124 569 2489 2145 2578 1176 1255 1672 347 556 1054 722 705 323 116 269 216 798 744 650 341 324 817 352 3693 923 1458 1178 105 655 1571 264
is_linear=0
shrinkage=1


Tree=1
num_leaves=64
num_cat=0
split_feature=0 0 8 0 7 0 0 10 0 0 8 11 11 11 11 11 0 11 11 0 11 11 0 5 11 0 6 11 9 12 11 11 0 2 12 7 7 10 12 7 5 11 12 0 11 0 8 0 0 6 10 6 9 8 0 11 0 0 0 5 11 12 8
split_gain=2859.88 738.745 951.228 481.922 830.861 164.833 107.358 106.162 202.684 85.6145 77.019 65.6631 42.5211 37.5898 33.6261 31.6505 30.716 28.3331 27.3433 26.2659 29.3116 23.6562 22.879 20.6331 18.2847 17.5849 15.734 15.6659 15.1841 15.0888 14.4086 13.0314 12.4236 11.4084 15.5144 13.4488 19.4074 11.3131 11.0065 10.7038 10.6051 10.2559 10.2265 10.1342 10.0645 10.0329 13.6705 10.0301 9.91152 9.24758 10.4764 9.21488 8.80758 8.67609 8.62286 8.36123 8.30196 8.24331 8.23269 8.04212 7.38932 7.33231 7.26071
threshold=4.6500000000000012 1.7500000000000002 9.5000000000000018 13.250000000000002 2.5000000000000004 2.6500000000000008 1.3500000000000003 0.17442672359925018 36.650000000000013 7.6500000000000012 2.5000000000000004 0.25985000000000008 0.29895000000000005 0.15065000000000003 0.23590000000000003 0.10755000000000002 22.650000000000002 0.08635000000000001 0.17290000000000003 3.0500000000000003 0.15290000000000001 0.094500000000000015 65.550000000000011 0.075134408602150551 0.56195000000000006 2.0500000000000003 0.079791757944382882 0.26150000000000007 0.095350000000000004 0.050350000000000013 0.38675000000000009 0.23620000000000002 1.1500000000000001 53.750000000000007 0.080800000000000025 80.500000000000014 47.000000000000007 0.010650000000000001 0.018350000000000002 119.50000000000001 0.061164529914529926 0.18955000000000002 0.013950000000000002 1.1500000000000001 0.56195000000000006 3.6500000000000008 122.50000000000001 1.5500000000000003 4.1500000000000012 0.079791757944382882 0.024800000000000006 0.04608686418179888 0.22765000000000005 169.50000000000003 5.0500000000000007 0.25230000000000002 4.4500000000000011 4.2500000000000009 6.4500000000000011 0.19506005693258352 0.20240000000000005 0.047050000000000002 1.5000000000000002
decision_type=2 2 2 2 2 2 2 2 2 2 2 2 2 2 2 2 2 2 2 2 2 2 2 2 2 2 2 2 2 2 2 2 2 2 2 2 2 2 2 2 2 2 2 2 2 2 2 2 2 2 2 2 2 2 2 2 2 2 2 2 2 2 2
left_child=1 6 5 4 18 11 14 8 16 29 12 17 15 -7 21 -8 31 -3 -2 20 -4 -1 51 26 -13 -19 41 -15 -11 42 58 37 -23 34 55 36 -35 -5 -25 -30 -24 -22 -6 62 57 -37 -47 60 -38 -41 -51 -10 54 -39 -44 56 -21 -29 -20 -45 -17 -49 -16
right_child=3 2 19 7 9 13 10 -9 22 28 -12 24 -14 27 43 47 -18 25 30 33 23 32 40 38 -26 -27 -28 44 39 -31 -32 -33 -34 35 -36 45 48 53 -40 49 -42 -43 52 59 -46 46 -48 61 -50 50 -52 -53 -54 -55 -56 -57 -58 -59 -60 -61 -62 -63 -64
leaf_value=-0.0015839420876087309 -0.0098665549471179358 -0.0083994495904617314 -0.0027763493789038636 -0.0099016426033828216 0.0025528777132558574 -0.0070403115947616961 -0.0015346222355686711 -0.011380401169525567 -0.0091100523327713352 -0.010164851339810987 0.027993937543297775 0.010520549074265752 0.021180203301495341 -0.0023462153548783164 0.033960083730795718 0.011250047309944037 -0.0048379254766840723 0.0065396096894061485 -0.0048399578141709518 0.010603990446181774 0.028668209825856536 0.026016555119084132 -0.011310470649084439 0.011449319283307714 0.030519036118677807 0.0017478314081261831 0.026363443960095951 0.002215698866689304 0.0048161151641514816 0.012876601125527574 0.0045505362578589607 0.00028990137435027828 0.01862750363671364 0.018668798617694736 0.030478592761209466 0.023442035009886453 0.0038986613756458069 -0.0037528797740314463 0.027207516173820456 0.0011668592069696878 -0.0087025571117215188 0.016104229098371978 -0.0022581427771834815 0.035894688269595104 0.01750262038496829 0.011604405556200386 0.02068910262779235 0.011564459515884751 0.015922374223859712 -0.0050784730903649508 0.008512447413622299 -0.0063359011060159622 0.010043397765059681 7.4852388191546515e-05 0.0073282644153975967 0.015452587558846301 -0.0015726627405768701 -0.0058074100506941111 -0.0074185313517363084 0.02475444741917749 0.017011530735425228 0.0015893947789610619 0.017490363770187266
leaf_weight=4.5237527638673773 332.23091267049313 20.583388954401016 5.0610374063253394 20.935330107808113 29.055048733949661 146.32558226585388 15.968129903078077 505.9538709372282 206.21315045654774 8.1417866945266706 45.083571314811707 125.82673917710781 64.693903863430023 339.25825890898705 38.057148516178131 35.093522876501083 457.42877985537052 128.0189962387085 200.86963665485382 41.582409739494324 7.3593446761369696 39.940239772200584 411.00548443198204 5.2466708421707144 4.7390356659889212 192.65311181545258 23.564205378293991 107.87226483225822 287.41189876198769 93.757046982645988 11.967495679855345 261.21130628883839 62.316592529416084 36.941637337207794 4.7430678308010092 42.246170908212662 21.326246112585071 149.33244332671165 60.429296031594276 216.98731884360313 263.23309788107872 91.517867609858513 10.452874347567557 8.2966948598623258 3.8530839681625357 28.862156420946121 43.048488676548004 107.76852165162563 10.312753692269323 6.5998882204294196 34.956554800271988 300.85003782808781 194.2692373842001 97.241650387644768 77.531429529190063 36.915937319397926 6.2791214138269416 14.382021114230154 340.48317578434944 65.673318758606911 74.065246433019638 8.1987026184797269 3.5224584192037574
leaf_count=26 1924 119 29 121 167 846 92 2933 1194 47 256 721 369 1957 216 201 2643 735 1161 238 42 227 2382 30 27 1109 134 621 1653 537 69 1506 355 211 27 241 122 862 344 1249 1525 522 60 47 22 165 246 617 59 38 201 1741 1114 561 445 211 36 83 1970 373 423 47 20
internal_value=-4.24438e-05 0.00953286 0.00594206 -0.00454028 -0.000607949 0.000804486 0.0192317 -0.00725318 -0.00628881 0.0058397 0.0157699 0.00524562 0.0139558 -0.0026198 0.024681 0.0120051 -0.00293996 0.00293248 -0.00759256 0.0178972 0.0207467 0.0205561 -0.00908309 0.021386 0.0112769 0.00366537 0.0188928 -0.00122649 0.00328153 0.00933492 -0.00622384 -0.00129542 0.0215459 0.0158648 0.0128606 0.0173232 0.0137281 -0.00284669 0.0259832 0.00348571 -0.0102952 0.0170775 0.00826127 0.0284632 0.00177739 0.0194603 0.0170779 0.0129702 0.00788712 0.0020016 0.00632296 -0.00746764 0.00884424 -0.00223986 0.00617674 0.0118283 0.00898569 0.00125971 -0.00646467 0.0260642 0.0151804 0.0108698 0.0326341
internal_weight=6640.27 2122.15 1548.95 4518.12 1844.71 1083.51 573.202 2673.41 2167.45 959.163 350.872 471.821 305.788 611.691 222.33 241.094 986.15 341.255 885.551 465.436 193.178 106.781 1181.3 188.117 130.566 320.672 122.441 465.366 554.097 405.066 553.32 528.721 102.257 272.258 89.5205 182.737 68.5806 267.509 65.676 545.956 674.239 98.8772 311.309 115.55 126.107 114.157 71.9106 225.126 31.639 258.544 41.5564 507.063 282.254 246.574 87.9843 84.7775 47.8615 122.254 541.353 73.97 109.159 115.967 41.5796
internal_count=38269 12166 8897 26103 10635 6240 3269 15468 12535 5511 2005 2711 1749 3529 1264 1380 5693 1963 5124 2657 1101 608 6842 1072 748 1844 698 2683 3188 2323 3200 3050 582 1556 512 1044 392 1544 374 3141 3907 564 1786 656 726 652 411 1288 181 1488 239 2935 1619 1423 505 485 274 704 3131 420 624 664 236
is_linear=0
shrinkage=0.01


end of trees

feature_importances:
odds_win=36
horse_top3_rate=18
trainer_top3_rate=17
odds_place=13
trainer_50x_races=8
jockey_50x_races=6
trainer_win_rate=6
trainer_50x_top3_rate=5
jockey_top3_rate=5
jockey_50x_top3_rate=3
jockey_win_rate=3
gate_no=2
burden_weight=1
horse_win_rate=1
horse_age=1
horse_sex_encoded=1

parameters:
[boosting: gbdt]
[objective: binary]
[metric: auc]
[tree_learner: serial]
[device_type: cpu]
[data_sample_strategy: bagging]
[data: ]
[valid: ]
[num_iterations: 500]
[learning_rate: 0.01]
[num_leaves: 64]
[num_threads: 0]
[seed: 42]
[deterministic: 0]
[force_col_wise: 0]
[force_row_wise: 0]
[histogram_pool_size: -1]
[max_depth: 8]
[min_data_in_leaf: 20]
[min_sum_hessian_in_leaf: 0.001]
[bagging_fraction: 0.8]
[pos_bagging_fraction: 1]
[neg_bagging_fraction: 1]
[bagging_freq: 5]
[bagging_seed: 400]
[bagging_by_query: 0]
[feature_fraction: 0.8]
[feature_fraction_bynode: 1]
[feature_fraction_seed: 30056]
[extra_trees: 0]
[extra_seed: 12879]
[early_stopping_round: 0]
[early_stopping_min_delta: 0]
[first_metric_only: 0]
[max_delta_step: 0]
[lambda_l1: 0.1]
[lambda_l2: 0.1]
[linear_lambda: 0]
[min_gain_to_split: 0.001]
[drop_rate: 0.1]
[max_drop: 50]
[skip_drop: 0.5]
[xgboost_dart_mode: 0]
[uniform_drop: 0]
[drop_seed: 17869]
[top_rate: 0.2]
[other_rate: 0.1]
[min_data_per_group: 100]
[max_cat_threshold: 32]
[cat_l2: 10]
[cat_smooth: 10]
[max_cat_to_onehot: 4]
[top_k: 20]
[monotone_constraints: ]
[monotone_constraints_method: basic]
[monotone_penalty: 0]
[feature_contri: ]
[forcedsplits_filename: ]
[refit_decay_rate: 0.9]
[cegb_tradeoff: 1]
[cegb_penalty_split: 0]
[cegb_penalty_feature_lazy: ]
[cegb_penalty_feature_coupled: ]
[path_smooth: 0]
[interaction_constraints: ]
[verbosity: -1]
[saved_feature_importance_type: 0]
[use_quantized_grad: 0]
[num_grad_quant_bins: 4]
[quant_train_renew_leaf: 0]
[stochastic_rounding: 1]
[linear_tree: 0]
[max_bin: 255]
[max_bin_by_feature: ]
[min_data_in_bin: 3]
[bin_construct_sample_cnt: 200000]
[data_random_seed: 175]
[is_enable_sparse: 1]
[enable_bundle: 1]
[use_missing: 1]
[zero_as_missing: 0]
[feature_pre_filter: 1]
[pre_partition: 0]
[two_round: 0]
[header: 0]
[label_column: ]
[weight_column: ]
[group_column: ]
[ignore_column: ]
[categorical_feature: ]
[forcedbins_filename: ]
[precise_float_parser: 0]
[parser_config_file: ]
[objective_seed: 16083]
[num_class: 1]
[is_unbalance: 0]
[scale_pos_weight: 1]
[sigmoid: 1]
[boost_from_average: 1]
[reg_sqrt: 0]
[alpha: 0.9]
[fair_c: 1]
[poisson_max_delta_step: 0.7]
[tweedie_variance_power: 1.5]
[lambdarank_truncation_level: 30]
[lambdarank_norm: 1]
[label_gain: ]
[lambdarank_position_bias_regularization: 0]
[eval_at: ]
[multi_error_top_k: 1]
[auc_mu_weights: ]
[num_machines: 1]
[local_listen_port: 12400]
[time_out: 120]
[machine_list_filename: ]
[machines: ]
[gpu_platform_id: -1]
[gpu_device_id: -1]
[gpu_use_dp: 0]
[num_gpu: 1]

end of parameters

pandas_categorical:[]
